44 93
79 66
9 84
44 15
94 36
79 17
84 66
9 50
16 48
8 27
25 85
21 44
77 9
32 28
50 53
44 22
52 59
84 10
90 61
93 35
80 39
59 79
74 1
54 91
70 59
39 24
48 71
79 66
85 35
67 10
3 98
64 82
22 30
94 36
21 17
96 58
46 66
92 14
16 41
12 24
84 83
50 90
6 92
1 54
89 83
96 46
77 5
87 87
6 14
65 60
58 9
85 18
3 16
40 20
27 58
49 78
4 93
37 56
46 84
89 16
11 75
63 74
46 60
94 100
40 27
82 3
39 48
100 47
3 19
5 66
45 43
74 65
46 40
23 66
14 80
85 50
18 59
47 88
83 59
97 76
48 58
98 83
17 80
66 30
49 11
66 92
13 69
52 60
37 63
19 21
66 91
16 46
4 37
29 87
84 41
28 74
10 91
17 2
5 69
67 59
